(-7 +14 -8 -13 -2 +10 +5 -6 -4 -9 +12 -11 +15 -1 +3)
(+1 -15 +11 -12 +9 +4 +6 -5 -10 +2 +13 +3 -7 +14 -8)
(+1 -15 +11 -12 +9 +8 -14 +7 -3 -13 -2 +10 +5 -6 -4)
(+1 -15 +11 -12 +9 +8 -14 +7 -3 -13)(+2 +4 +6 -5 -10)
(+1 -15 +11 -12 +9 +8 -14 +7 -3 -13 -5 -10 +2 +4 +6)
(+1 -15 +11 -12 +9 +8 -14 +7 -6 -4 -2 +10 +5 +13 +3)
(+1)(+2 +4 +6 -7 +14 -8 -9 +12 -11 +15 -3 -13 -5 -10)
(+1 +5 +13 +3 -15 +11 -12 +9 +8 -14 +7 -6 -4 -2 +10)
(+1 +5 +13 +3 -15 +11 -12 +9 +8 -14)(+2 +4 +6 -7 -10)
(+1 +5 +13 +3 -15 +11 -12 +9 +8 -14 +2 +4 +6 -7 -10)
(+1 +5 +13 +3 -15 +11 -12 +10 +7 -6 -4 -2 +14 -8 -9)
(+1 +5 +13 +3 -15 -4 -2 +14 -8 -9)(+6 -7 -10 +12 -11)
(+1 +5 +13 +3 -15 -12 +10 +7 -6 +11 -4 -2 +14 -8 -9)
(+1 +5 +13 +3 -15 -12 +10 +7 -6 +11 -14 +2 +4 -8 -9)